# ----------------------------------------
# map lines
# ----------------------------------------
-200 +200 +200 +200 #FF0000
-250 +250 +250 +250 #FF00FF

+200 +200 +200 -200 #00FF00
+250 +250 +250 -250 #FF0000

+200 -200 -200 -200 #0000FF
+250 -250 -250 -250 #00FF00

-200 -200 -200 +200 #FF00FF
-250 -250 -250 +250 #0000FF

-150 +150 -100 +150 #FFFF00
-100 +150 -100 +100 #FFFF00
-100 +100 -150 +100 #FFFF00
-150 +100 -150 +150 #FFFF00

+150 -150 +125 -150 #FFFF00
+125 -150 +125 -125 #FFFF00
+125 -125 +150 -125 #FFFF00
+150 -125 +150 -150 #FFFF00
